{
    "cam0001": {
        "distortion": [
            0.146634638,
            -0.809087336,
            0.00276900316,
            0.00359441899,
            1.1661377,
            0.0,
            0.0,
            0.0,
            -0.00298292493,
            -0.00304621202,
            -0.00328473398,
            0.00104436569
        ],
        "extrinsic": [
            [
                1.0,
                0.0,
                0.0,
                0.0
            ],
            [
                0.0,
                1.0,
                0.0,
                0.0
            ],
            [
                0.0,
                0.0,
                1.0,
                0.0
            ],
            [
                0.0,
                0.0,
                0.0,
                1.0
            ]
        ],
        "intrinsic": [
            [
                1492.28491,
                0.0,
                966.626099
            ],
            [
                0.0,
                1492.29553,
                535.202881
            ],
            [
                0.0,
                0.0,
                1.0
            ]
        ],
        "resolution_w_h": [
            1920,
            1080
        ]
    },
    "cam0001.left": {
        "distortion": [
            0.106939487,
            -0.392136455,
            0.00321166054,
            0.004983244,
            0.356116712,
            0.0,
            0.0,
            0.0,
            -0.00735310558,
            0.00214069057,
            -0.0054077669,
            0.00136544078
        ],
        "extrinsic": [
            [
                0.9999749660491943,
                0.002063280902802944,
                -0.006766002159565687,
                37.391807556152344
            ],
            [
                -0.0020418106578290462,
                0.999992847442627,
                0.0031786272302269936,
                0.17839303612709045
            ],
            [
                0.006772512570023537,
                -0.0031647328287363052,
                0.9999720454216003,
                2.664781093597412
            ],
            [
                0.0,
                0.0,
                0.0,
                1.0
            ]
        ],
        "intrinsic": [
            [
                860.198425,
                0.0,
                653.544434
            ],
            [
                0.0,
                859.704834,
                412.954468
            ],
            [
                0.0,
                0.0,
                1.0
            ]
        ],
        "resolution_w_h": [
            1280,
            800
        ]
    },
    "cam0001.right": {
        "distortion": [
            0.116019778,
            -0.437879175,
            -0.00182113645,
            -0.00365465926,
            0.403657496,
            0.0,
            0.0,
            0.0,
            0.00651319232,
            -0.00530903088,
            0.00139430549,
            0.000947554829
        ],
        "extrinsic": [
            [
                0.9995894432067871,
                -0.016607705503702164,
                0.023347487673163414,
                -37.37996292114258
            ],
            [
                0.016185490414500237,
                0.999704122543335,
                0.018158063292503357,
                -0.39657875895500183
            ],
            [
                -0.023642143234610558,
                -0.017772717401385307,
                0.9995625019073486,
                2.2748806476593018
            ],
            [
                0.0,
                0.0,
                0.0,
                1.0
            ]
        ],
        "intrinsic": [
            [
                862.734985,
                0.0,
                639.318115
            ],
            [
                0.0,
                862.508545,
                396.948212
            ],
            [
                0.0,
                0.0,
                1.0
            ]
        ],
        "resolution_w_h": [
            1280,
            800
        ]
    },
    "cam0002": {
        "distortion": [
            0.151725844,
            -0.832650244,
            -0.00168845779,
            -0.000616787234,
            1.20526183,
            0.0,
            0.0,
            0.0,
            0.000329417788,
            0.00109588576,
            0.00195951713,
            -0.00122899865
        ],
        "extrinsic": [
            [
                -0.05547862499952316,
                -0.9939470291137695,
                0.09482324868440628,
                30.242006301879883
            ],
            [
                0.6856167912483215,
                0.03111596405506134,
                0.7272973656654358,
                -668.4813842773438
            ],
            [
                -0.7258455157279968,
                0.10536186397075653,
                0.6797404885292053,
                -181.9173583984375
            ],
            [
                0.0,
                0.0,
                0.0,
                1.0
            ]
        ],
        "intrinsic": [
            [
                1481.88843,
                0.0,
                960.689697
            ],
            [
                0.0,
                1481.87646,
                512.664307
            ],
            [
                0.0,
                0.0,
                1.0
            ]
        ],
        "resolution_w_h": [
            1920,
            1080
        ]
    },
    "cam0002.left": {
        "distortion": [
            0.100601256,
            -0.359963447,
            -0.00530372979,
            0.000900028856,
            0.318504751,
            0.0,
            0.0,
            0.0,
            -0.00312890601,
            0.00061256066,
            0.00534323417,
            -0.00183403585
        ],
        "extrinsic": [
            [
                -0.04930780082941055,
                -0.9948770999908447,
                0.088251493871212,
                69.6475830078125
            ],
            [
                0.6793752312660217,
                0.03136114403605461,
                0.7331206202507019,
                -669.6672973632812
            ],
            [
                -0.7321324944496155,
                0.0961044430732727,
                0.6743485331535339,
                -173.10186767578125
            ],
            [
                0.0,
                0.0,
                0.0,
                1.0
            ]
        ],
        "intrinsic": [
            [
                855.39801,
                0.0,
                646.119568
            ],
            [
                0.0,
                855.04895,
                392.467957
            ],
            [
                0.0,
                0.0,
                1.0
            ]
        ],
        "resolution_w_h": [
            1280,
            800
        ]
    },
    "cam0002.right": {
        "distortion": [
            0.105559051,
            -0.37334311,
            -0.012675331,
            0.00423614495,
            0.327854961,
            0.0,
            0.0,
            0.0,
            -0.00491376454,
            0.000131613997,
            0.0132693034,
            -0.000521410082
        ],
        "extrinsic": [
            [
                -0.05578223988413811,
                -0.9946683645248413,
                0.08673638850450516,
                -2.24798583984375
            ],
            [
                0.6647046804428101,
                0.02782597579061985,
                0.746587872505188,
                -673.3204956054688
            ],
            [
                -0.7450208067893982,
                0.09930042177438736,
                0.6596084833145142,
                -160.6638641357422
            ],
            [
                0.0,
                0.0,
                0.0,
                1.0
            ]
        ],
        "intrinsic": [
            [
                858.154419,
                0.0,
                644.501099
            ],
            [
                0.0,
                858.224915,
                379.980927
            ],
            [
                0.0,
                0.0,
                1.0
            ]
        ],
        "resolution_w_h": [
            1280,
            800
        ]
    },
    "cam0003": {
        "distortion": [
            0.15481317,
            -0.83769697,
            0.000940194936,
            -0.00114604761,
            1.23539567,
            0.0,
            0.0,
            0.0,
            0.00270121382,
            -0.00225172332,
            -0.00147592567,
            0.00133018952
        ],
        "extrinsic": [
            [
                0.40071412920951843,
                -0.8557778000831604,
                -0.3272193670272827,
                267.6476745605469
            ],
            [
                0.7964968085289001,
                0.14887993037700653,
                0.5860269665718079,
                -434.5931091308594
            ],
            [
                -0.4527924954891205,
                -0.4954584836959839,
                0.74128258228302,
                -138.7613067626953
            ],
            [
                0.0,
                0.0,
                0.0,
                1.0
            ]
        ],
        "intrinsic": [
            [
                1486.47485,
                0.0,
                960.737976
            ],
            [
                0.0,
                1486.02637,
                515.848694
            ],
            [
                0.0,
                0.0,
                1.0
            ]
        ],
        "resolution_w_h": [
            1920,
            1080
        ]
    },
    "cam0003.left": {
        "distortion": [
            0.108037971,
            -0.396565884,
            -0.00456919521,
            -0.00251791277,
            0.363824546,
            0.0,
            0.0,
            0.0,
            0.00424048677,
            -0.0038592075,
            0.00505708717,
            -0.000632914132
        ],
        "extrinsic": [
            [
                0.3941127061843872,
                -0.8565734028816223,
                -0.3331023156642914,
                309.1322937011719
            ],
            [
                0.7920045256614685,
                0.13266125321388245,
                0.5959277153015137,
                -433.60443115234375
            ],
            [
                -0.46626609563827515,
                -0.4986812174320221,
                0.7306934595108032,
                -129.04588317871094
            ],
            [
                0.0,
                0.0,
                0.0,
                1.0
            ]
        ],
        "intrinsic": [
            [
                856.686157,
                0.0,
                636.68811
            ],
            [
                0.0,
                856.631165,
                399.100983
            ],
            [
                0.0,
                0.0,
                1.0
            ]
        ],
        "resolution_w_h": [
            1280,
            800
        ]
    },
    "cam0003.right": {
        "distortion": [
            0.108108819,
            -0.398454219,
            -0.00340272486,
            -0.00347816083,
            0.361430109,
            0.0,
            0.0,
            0.0,
            0.00428820914,
            -0.00124164915,
            0.00432090182,
            -0.00133380713
        ],
        "extrinsic": [
            [
                0.3934743404388428,
                -0.8620148301124573,
                -0.31954407691955566,
                229.48211669921875
            ],
            [
                0.789275586605072,
                0.13851825892925262,
                0.5982113480567932,
                -436.89453125
            ],
            [
                -0.4714043438434601,
                -0.48758915066719055,
                0.7348706126213074,
                -132.4359893798828
            ],
            [
                0.0,
                0.0,
                0.0,
                1.0
            ]
        ],
        "intrinsic": [
            [
                857.38678,
                0.0,
                633.894165
            ],
            [
                0.0,
                857.176086,
                399.767975
            ],
            [
                0.0,
                0.0,
                1.0
            ]
        ],
        "resolution_w_h": [
            1280,
            800
        ]
    },
    "cam0004": {
        "distortion": [
            0.162335694,
            -0.895648956,
            0.00675078388,
            -0.0019300757,
            1.32178807,
            0.0,
            0.0,
            0.0,
            0.00175595831,
            0.000624919368,
            -0.00647775596,
            -0.00214326754
        ],
        "extrinsic": [
            [
                0.3179780840873718,
                -0.9208443760871887,
                -0.22568905353546143,
                233.4683380126953
            ],
            [
                0.826291561126709,
                0.15243490040302277,
                0.5422230362892151,
                -647.52490234375
            ],
            [
                -0.4649001359939575,
                -0.3589000105857849,
                0.8093569278717041,
                -258.1915283203125
            ],
            [
                0.0,
                0.0,
                0.0,
                1.0
            ]
        ],
        "intrinsic": [
            [
                1489.72009,
                0.0,
                956.357666
            ],
            [
                0.0,
                1489.64795,
                541.440613
            ],
            [
                0.0,
                0.0,
                1.0
            ]
        ],
        "resolution_w_h": [
            1920,
            1080
        ]
    },
    "cam0004.left": {
        "distortion": [
            0.0952686518,
            -0.320474654,
            0.00187666214,
            -0.00571815995,
            0.281617582,
            0.0,
            0.0,
            0.0,
            0.0067706136,
            -0.00271845958,
            0.00165931194,
            -0.00249195611
        ],
        "extrinsic": [
            [
                0.29487475752830505,
                -0.92656010389328,
                -0.23352789878845215,
                285.04052734375
            ],
            [
                0.8232889175415039,
                0.12230747938156128,
                0.554288923740387,
                -646.3213500976562
            ],
            [
                -0.485019713640213,
                -0.35570672154426575,
                0.798892080783844,
                -244.15847778320312
            ],
            [
                0.0,
                0.0,
                0.0,
                1.0
            ]
        ],
        "intrinsic": [
            [
                854.289856,
                0.0,
                630.985535
            ],
            [
                0.0,
                853.930908,
                393.529083
            ],
            [
                0.0,
                0.0,
                1.0
            ]
        ],
        "resolution_w_h": [
            1280,
            800
        ]
    },
    "cam0004.right": {
        "distortion": [
            0.0927443504,
            -0.323656082,
            -0.00475891586,
            -0.001841277,
            0.294047266,
            0.0,
            0.0,
            0.0,
            0.0033740995,
            -0.0028192501,
            0.00683382666,
            -0.00111175433
        ],
        "extrinsic": [
            [
                0.3084297776222229,
                -0.9250798225402832,
                -0.22158166766166687,
                197.714599609375
            ],
            [
                0.8067162036895752,
                0.13093888759613037,
                0.576249897480011,
                -656.7901611328125
            ],
            [
                -0.5040634870529175,
                -0.35648614168167114,
                0.7866622805595398,
                -229.37002563476562
            ],
            [
                0.0,
                0.0,
                0.0,
                1.0
            ]
        ],
        "intrinsic": [
            [
                850.116394,
                0.0,
                633.893066
            ],
            [
                0.0,
                849.910583,
                384.474091
            ],
            [
                0.0,
                0.0,
                1.0
            ]
        ],
        "resolution_w_h": [
            1280,
            800
        ]
    },
    "cam0005": {
        "distortion": [
            0.156934217,
            -0.849715829,
            -0.000996263698,
            0.00296246284,
            1.23926127,
            0.0,
            0.0,
            0.0,
            -0.00460585486,
            0.00405484345,
            0.00046777181,
            0.00089790643
        ],
        "extrinsic": [
            [
                -0.5711390972137451,
                -0.7481274604797363,
                0.3377948999404907,
                -186.4867401123047
            ],
            [
                0.7335191369056702,
                -0.2804446518421173,
                0.6191126704216003,
                -440.4449462890625
            ],
            [
                -0.36844244599342346,
                0.6013784408569336,
                0.708938717842102,
                -216.64431762695312
            ],
            [
                0.0,
                0.0,
                0.0,
                1.0
            ]
        ],
        "intrinsic": [
            [
                1487.39136,
                0.0,
                956.429321
            ],
            [
                0.0,
                1487.13196,
                511.149048
            ],
            [
                0.0,
                0.0,
                1.0
            ]
        ],
        "resolution_w_h": [
            1920,
            1080
        ]
    },
    "cam0005.left": {
        "distortion": [
            0.10968753,
            -0.403443873,
            -0.00314420089,
            0.000287597009,
            0.370004475,
            0.0,
            0.0,
            0.0,
            -0.00189414667,
            0.00162471377,
            0.00254393695,
            0.0013554414
        ],
        "extrinsic": [
            [
                -0.555754542350769,
                -0.7530962228775024,
                0.3521122336387634,
                -158.99488830566406
            ],
            [
                0.736965537071228,
                -0.25028061866760254,
                0.6278865337371826,
                -440.9442138671875
            ],
            [
                -0.38473209738731384,
                0.6084452867507935,
                0.6941004991531372,
                -204.35646057128906
            ],
            [
                0.0,
                0.0,
                0.0,
                1.0
            ]
        ],
        "intrinsic": [
            [
                857.451294,
                0.0,
                637.982239
            ],
            [
                0.0,
                857.080688,
                401.695831
            ],
            [
                0.0,
                0.0,
                1.0
            ]
        ],
        "resolution_w_h": [
            1280,
            800
        ]
    },
    "cam0005.right": {
        "distortion": [
            0.110376336,
            -0.399560958,
            0.00136808923,
            -0.00379287591,
            0.364967257,
            0.0,
            0.0,
            0.0,
            0.00316474121,
            0.00283567887,
            -0.00240696594,
            0.00197208882
        ],
        "extrinsic": [
            [
                -0.5495259761810303,
                -0.7733181715011597,
                0.3162280023097992,
                -220.05215454101562
            ],
            [
                0.7276416420936584,
                -0.25699383020401,
                0.6359967589378357,
                -444.957763671875
            ],
            [
                -0.41055920720100403,
                0.5795973539352417,
                0.7039232850074768,
                -211.22537231445312
            ],
            [
                0.0,
                0.0,
                0.0,
                1.0
            ]
        ],
        "intrinsic": [
            [
                857.942322,
                0.0,
                635.204224
            ],
            [
                0.0,
                857.733093,
                401.734894
            ],
            [
                0.0,
                0.0,
                1.0
            ]
        ],
        "resolution_w_h": [
            1280,
            800
        ]
    },
    "cam0006": {
        "distortion": [
            0.120936625,
            -0.641047895,
            -0.0030135524,
            0.000266723073,
            0.926788032,
            0.0,
            0.0,
            0.0,
            -0.000548657088,
            0.00108849618,
            0.00432263734,
            -0.00235280744
        ],
        "extrinsic": [
            [
                -0.5927268266677856,
                -0.6938252449035645,
                0.40900054574012756,
                -258.0793762207031
            ],
            [
                0.6916662454605103,
                -0.17832736670970917,
                0.6998550891876221,
                -650.7313842773438
            ],
            [
                -0.41264113783836365,
                0.6977147459983826,
                0.5855949521064758,
                -164.89767456054688
            ],
            [
                0.0,
                0.0,
                0.0,
                1.0
            ]
        ],
        "intrinsic": [
            [
                1478.39929,
                0.0,
                965.14325
            ],
            [
                0.0,
                1477.94653,
                518.553833
            ],
            [
                0.0,
                0.0,
                1.0
            ]
        ],
        "resolution_w_h": [
            1920,
            1080
        ]
    },
    "cam0006.left": {
        "distortion": [
            0.112663813,
            -0.409669399,
            -0.00765438844,
            0.00263683195,
            0.379131109,
            0.0,
            0.0,
            0.0,
            -0.0036554588,
            0.00180734857,
            0.0100572715,
            -0.00256853853
        ],
        "extrinsic": [
            [
                -0.5795357823371887,
                -0.7031040191650391,
                0.41204729676246643,
                -227.38377380371094
            ],
            [
                0.6941268444061279,
                -0.16095416247844696,
                0.7016279101371765,
                -649.6988525390625
            ],
            [
                -0.4269966185092926,
                0.6926316022872925,
                0.5813220739364624,
                -155.2820281982422
            ],
            [
                0.0,
                0.0,
                0.0,
                1.0
            ]
        ],
        "intrinsic": [
            [
                856.527954,
                0.0,
                647.760803
            ],
            [
                0.0,
                856.272278,
                402.16153
            ],
            [
                0.0,
                0.0,
                1.0
            ]
        ],
        "resolution_w_h": [
            1280,
            800
        ]
    },
    "cam0006.right": {
        "distortion": [
            0.101242393,
            -0.360875487,
            -0.0021115453,
            0.00907921698,
            0.318162978,
            0.0,
            0.0,
            0.0,
            -0.0116781928,
            0.00100943097,
            0.000713271089,
            0.000601071166
        ],
        "extrinsic": [
            [
                -0.5837136507034302,
                -0.7078877091407776,
                0.3977101743221283,
                -292.9186096191406
            ],
            [
                0.6938368082046509,
                -0.18044523894786835,
                0.6971585154533386,
                -649.6376953125
            ],
            [
                -0.42174503207206726,
                0.6828868389129639,
                0.5964869260787964,
                -169.79824829101562
            ],
            [
                0.0,
                0.0,
                0.0,
                1.0
            ]
        ],
        "intrinsic": [
            [
                854.078674,
                0.0,
                656.010498
            ],
            [
                0.0,
                853.781311,
                402.398621
            ],
            [
                0.0,
                0.0,
                1.0
            ]
        ],
        "resolution_w_h": [
            1280,
            800
        ]
    },
    "cam0007": {
        "distortion": [
            0.143090844,
            -0.788176239,
            0.00314115128,
            -0.00270176004,
            1.12712705,
            0.0,
            0.0,
            0.0,
            0.00410393951,
            -0.00492879981,
            -0.0029818099,
            -0.00154760142
        ],
        "extrinsic": [
            [
                -0.47674745321273804,
                -0.836819589138031,
                0.2691558599472046,
                -122.45516204833984
            ],
            [
                0.7108086943626404,
                -0.18684770166873932,
                0.6781142354011536,
                -724.0042114257812
            ],
            [
                -0.5171681642532349,
                0.5146075487136841,
                0.6838977932929993,
                -243.81170654296875
            ],
            [
                0.0,
                0.0,
                0.0,
                1.0
            ]
        ],
        "intrinsic": [
            [
                1492.4801,
                0.0,
                949.398743
            ],
            [
                0.0,
                1492.24792,
                527.789185
            ],
            [
                0.0,
                0.0,
                1.0
            ]
        ],
        "resolution_w_h": [
            1920,
            1080
        ]
    },
    "cam0007.left": {
        "distortion": [
            0.103990152,
            -0.37342909,
            -0.00498230755,
            0.000974812312,
            0.334799558,
            0.0,
            0.0,
            0.0,
            -0.000646826695,
            -0.000883546367,
            0.00368522224,
            0.00101322052
        ],
        "extrinsic": [
            [
                -0.4747748076915741,
                -0.8410617113113403,
                0.2592376172542572,
                -79.16334533691406
            ],
            [
                0.6987085342407227,
                -0.18109139800071716,
                0.6921071410179138,
                -728.5066528320312
            ],
            [
                -0.5351591110229492,
                0.5097265243530273,
                0.6736345887184143,
                -228.7639923095703
            ],
            [
                0.0,
                0.0,
                0.0,
                1.0
            ]
        ],
        "intrinsic": [
            [
                858.211121,
                0.0,
                646.6474
            ],
            [
                0.0,
                857.932007,
                410.779846
            ],
            [
                0.0,
                0.0,
                1.0
            ]
        ],
        "resolution_w_h": [
            1280,
            800
        ]
    },
    "cam0007.right": {
        "distortion": [
            0.101148963,
            -0.367022455,
            -0.00274952501,
            0.000581296219,
            0.330379486,
            0.0,
            0.0,
            0.0,
            -0.000976211915,
            0.00104544242,
            0.00257732836,
            -0.0010792698
        ],
        "extrinsic": [
            [
                -0.46795564889907837,
                -0.8396775126457214,
                0.2756069004535675,
                -167.7135009765625
            ],
            [
                0.706072986125946,
                -0.1676749438047409,
                0.6880014538764954,
                -726.751220703125
            ],
            [
                -0.5314870476722717,
                0.516552746295929,
                0.6713380813598633,
                -228.1182861328125
            ],
            [
                0.0,
                0.0,
                0.0,
                1.0
            ]
        ],
        "intrinsic": [
            [
                856.323975,
                0.0,
                646.755188
            ],
            [
                0.0,
                856.060425,
                408.386047
            ],
            [
                0.0,
                0.0,
                1.0
            ]
        ],
        "resolution_w_h": [
            1280,
            800
        ]
    },
    "cam0008": {
        "distortion": [
            0.149025455,
            -0.819125831,
            0.0034669796,
            -0.00220672251,
            1.18388021,
            0.0,
            0.0,
            0.0,
            0.00194339978,
            0.0020899158,
            -0.00242342544,
            -0.00402967958
        ],
        "extrinsic": [
            [
                0.8183255195617676,
                0.20519021153450012,
                -0.5368801951408386,
                397.637451171875
            ],
            [
                0.4904884397983551,
                0.23761358857154846,
                0.8384276032447815,
                -842.5059814453125
            ],
            [
                0.29960715770721436,
                -0.9494402408599854,
                0.0938018411397934,
                325.07806396484375
            ],
            [
                0.0,
                0.0,
                0.0,
                1.0
            ]
        ],
        "intrinsic": [
            [
                1490.11682,
                0.0,
                957.007996
            ],
            [
                0.0,
                1489.88696,
                540.721497
            ],
            [
                0.0,
                0.0,
                1.0
            ]
        ],
        "resolution_w_h": [
            1920,
            1080
        ]
    },
    "cam0008.left": {
        "distortion": [
            0.101501882,
            -0.347042233,
            -0.0034700688,
            -0.00704747252,
            0.299299598,
            0.0,
            0.0,
            0.0,
            0.00710484851,
            0.00107791938,
            0.00264108204,
            0.00283464068
        ],
        "extrinsic": [
            [
                0.8293020725250244,
                0.20248307287693024,
                -0.5208251476287842,
                421.91949462890625
            ],
            [
                0.47923052310943604,
                0.22164563834667206,
                0.8492416143417358,
                -845.4861450195312
            ],
            [
                0.2873956263065338,
                -0.9538730382919312,
                0.08677513152360916,
                333.94549560546875
            ],
            [
                0.0,
                0.0,
                0.0,
                1.0
            ]
        ],
        "intrinsic": [
            [
                857.1698,
                0.0,
                629.303711
            ],
            [
                0.0,
                856.701843,
                388.673859
            ],
            [
                0.0,
                0.0,
                1.0
            ]
        ],
        "resolution_w_h": [
            1280,
            800
        ]
    },
    "cam0008.right": {
        "distortion": [
            0.105358817,
            -0.368513077,
            -0.00727360742,
            -0.00650235685,
            0.319082886,
            0.0,
            0.0,
            0.0,
            0.00701549416,
            0.00191584497,
            0.00751969125,
            0.00153448863
        ],
        "extrinsic": [
            [
                0.8303065896034241,
                0.1955542415380478,
                -0.5218712687492371,
                350.9500427246094
            ],
            [
                0.4839159846305847,
                0.21150019764900208,
                0.8491719365119934,
                -840.6586303710938
            ],
            [
                0.2764350473880768,
                -0.9576148986816406,
                0.08097817748785019,
                342.3711853027344
            ],
            [
                0.0,
                0.0,
                0.0,
                1.0
            ]
        ],
        "intrinsic": [
            [
                861.069702,
                0.0,
                630.129761
            ],
            [
                0.0,
                860.632935,
                382.626343
            ],
            [
                0.0,
                0.0,
                1.0
            ]
        ],
        "resolution_w_h": [
            1280,
            800
        ]
    },
    "cam0009": {
        "distortion": [
            0.149085075,
            -0.795464873,
            0.00381445652,
            0.00228208653,
            1.1430732,
            0.0,
            0.0,
            0.0,
            0.00114765507,
            -0.0112800039,
            -0.00264025596,
            -0.00175813364
        ],
        "extrinsic": [
            [
                -0.20281897485256195,
                0.755000114440918,
                0.6235697865486145,
                -528.8238525390625
            ],
            [
                -0.6370119452476501,
                -0.5853689312934875,
                0.5015565752983093,
                -220.84454345703125
            ],
            [
                0.7436936497688293,
                -0.29549622535705566,
                0.599668025970459,
                350.3866882324219
            ],
            [
                0.0,
                0.0,
                0.0,
                1.0
            ]
        ],
        "intrinsic": [
            [
                1488.35876,
                0.0,
                966.158386
            ],
            [
                0.0,
                1488.46204,
                533.717712
            ],
            [
                0.0,
                0.0,
                1.0
            ]
        ],
        "resolution_w_h": [
            1920,
            1080
        ]
    },
    "cam0009.left": {
        "distortion": [
            0.0994086862,
            -0.357468605,
            -0.00337952189,
            0.000848895812,
            0.335589617,
            0.0,
            0.0,
            0.0,
            -0.00157263293,
            0.000486765377,
            0.00524149369,
            -0.00172395818
        ],
        "extrinsic": [
            [
                -0.22296196222305298,
                0.7459915280342102,
                0.6275226473808289,
                -499.240234375
            ],
            [
                -0.6165184378623962,
                -0.6065460443496704,
                0.5020028352737427,
                -202.52452087402344
            ],
            [
                0.7551112174987793,
                -0.2749517261981964,
                0.5951542854309082,
                351.7864074707031
            ],
            [
                0.0,
                0.0,
                0.0,
                1.0
            ]
        ],
        "intrinsic": [
            [
                852.129883,
                0.0,
                640.262817
            ],
            [
                0.0,
                851.800537,
                399.320679
            ],
            [
                0.0,
                0.0,
                1.0
            ]
        ],
        "resolution_w_h": [
            1280,
            800
        ]
    },
    "cam0009.right": {
        "distortion": [
            0.0973262638,
            -0.344750673,
            -0.00140678766,
            0.00883269589,
            0.308911711,
            0.0,
            0.0,
            0.0,
            -0.010581973,
            0.00115049654,
            0.00292695826,
            -0.0014469052
        ],
        "extrinsic": [
            [
                -0.22415713965892792,
                0.7503286600112915,
                0.6219006776809692,
                -575.1862182617188
            ],
            [
                -0.6191292405128479,
                -0.6024566888809204,
                0.5037111639976501,
                -205.71685791015625
            ],
            [
                0.7526171803474426,
                -0.2721264660358429,
                0.5995953679084778,
                347.043701171875
            ],
            [
                0.0,
                0.0,
                0.0,
                1.0
            ]
        ],
        "intrinsic": [
            [
                852.891052,
                0.0,
                657.631226
            ],
            [
                0.0,
                852.618408,
                407.891937
            ],
            [
                0.0,
                0.0,
                1.0
            ]
        ],
        "resolution_w_h": [
            1280,
            800
        ]
    },
    "cam0010": {
        "distortion": [
            0.155183002,
            -0.839227915,
            0.00169171894,
            -0.000921457307,
            1.22285283,
            0.0,
            0.0,
            0.0,
            -0.000127420397,
            0.00344613916,
            -0.000777307199,
            -0.00308255549
        ],
        "extrinsic": [
            [
                0.746948778629303,
                0.12607835233211517,
                -0.6528183221817017,
                455.5684509277344
            ],
            [
                0.5708173513412476,
                0.3818667531013489,
                0.7268736958503723,
                -556.7689208984375
            ],
            [
                0.3409326374530792,
                -0.9155774116516113,
                0.21326720714569092,
                274.0830383300781
            ],
            [
                0.0,
                0.0,
                0.0,
                1.0
            ]
        ],
        "intrinsic": [
            [
                1490.77161,
                0.0,
                954.433411
            ],
            [
                0.0,
                1490.70142,
                531.5354
            ],
            [
                0.0,
                0.0,
                1.0
            ]
        ],
        "resolution_w_h": [
            1920,
            1080
        ]
    },
    "cam0010.left": {
        "distortion": [
            0.11033392,
            -0.408203423,
            -0.00817980524,
            -0.00393662229,
            0.36768508,
            0.0,
            0.0,
            0.0,
            0.00375782675,
            0.000459538656,
